534
-929
539
-179
-82
-195
540
-740
-336
-333
-683
124
-624
-263
732
-835
-353
-938
-413
-420
721
-41
-881
924
-631
757
586
-715
-522
588
919
-58
700
-945
655
-986
88
753
314
121
-833
-103
452
368
-566
-187
-71
533
807
253
-337
458
-932
-666
-765
-850
507
-388
-671
-116
13
360
442
-39
-447
450
698
-526
-970
-381
803
-144
-502
-593
110
-3
787
681
770
664
287
-637
36
271
-549
-639
-947
-620
832
-895
420
-128
693
396
138
-921
-32
186
948
-681
854
527
455
250
-407
-5
425
-852
-203
-200
420
-869
795
-578
819
-798
966
-221
134
855
878
442
-452
-891
-749
556
767
749
-449
-316
428
-236
740
-357
-299
319
336
357
-979
511
-283
88
603
-841
-787
666
-700
-930
-710
-377
-363
-13
151
-424
-197
-797
331
330
173
532
586
-270
-432
598
-651
-900
709
-640
223
723
87
-309
359
-80
-706
-686
485
234
130
919
-387
89
-590
-607
-533
171
-534
778
-919
-123
390
-614
-440
-990
-742
634
234
-23
496
-726
323
81
-903
-43
-344
-264
-850
-754
-975
584
-474
-749
-386
791
-720
98
-350
-825
-140
-40
-471
-853
164
-763
405
-189
444
-633
660
46
944
808
834
292
171
-141
959
401
-261
541
-250
-887
-662
987
-701
-612
455
224
-516
735
116
254
-814
385
840
-817
754
-731
369
441
754
490
-257
-725
-195
670
-978
670
771
488
714
749
841
-560
-634
723
768
-761
-310
-272
-366
952
335
-219
812
195
-384
-381
730
244
-325
270
-655
-467
570
285
495
-365
745
-290
-1000
79
-522
678
-967
-765
-20
-647
-84
774
355
-36
473
829
-828
-457
166
-540
899
-850
988
306
-856
-735
-159
261
-893
-879
356
-631
-912
997
255
82
-597
538
-629
353
313
572
659
920
573
-580
-933
-526
-179
55
-842
-307
893
404
988
656
-605
106
-658
-152
-163
129
-653
577
946
-716
-972
-795
694
143
-460
746
-574
186
202
684
435
-755
-162
292
559
-367
-692
660
-374
-198
-652
156
98
460
59
-616
-318
870
269
-794
60
7
852
303
284
-47
-326
-567
963
591
-903
-76
-488
599
-840
954
-883
776
942
529
218
889
323
709
-508
-66
925
746
-131
-104
-708
69
91
-105
944
984
718
-541
-542
577
644
850
186
-719
305
-385
-420
161
-95
285
-136
-386
-223
-433
402
343
-284
754
-103
-308
-647
455
402
74
517
-2
362
872
-42
862
-709
-913
-264
389
959
-694
384
854
-785
251
-808
-470
155
-415
245
901
-581
938
-154
456
-420
-740
243
646
-494
-969
-19
733
909
741
-525
406
31
-329
106
-483
-20
293
587
-787
-455
292
629
-889
-671
-81
-260
-729
94
437
588
-475
398
713
339
-388
851
4
-734
-316
710
394
947
-409
508
-885
-683
112
-867
311
666
922
-276
566
109
249
10
17
597
-888
-586
565
-87
940
490
-865
-730
-756
-232
27
-353
78
973
805
-478
298
-896
-500
-284
-611
-616
-537
-375
-682
-128
-667
-435
-871
783
975
-380
607
96
995
16
178
-372
-626
534
-610
-900
636
917
615
430
-330
256
-872
186
306
-777
-748
-29
460
438
-869
-679
96
-514
299
-396
-428
-505
368
-882
844
-551
383
-127
-436
-90
-294
-236
-346
53
-295
738
962
-490
-594
349
626
-644
248
701
-303
399
-156
-192
-786
937
821
492
-10
202
-668
555
161
-943
-85
754
948
941
333
-313
963
-657
348
658
-257
875
-901
160
-27
-763
350
-762
-665
102
-283
928
224
-862
-528
142
450
661
854
-521
182
147
654
-188
324
-125
111
-803
-877
58
489
-998
-292
-650
107
163
-25
877
-312
471
422
-764
304
-505
-632
680
-159
-988
-794
-892
286
591
-588
513
747
217
-694
-558
-475
-729
-937
436
-999
-922
834
-707
353
668
-88
-915
691
-369
-678
106
-43
-450
752
384
264
-800
403
11
219
-377
-74
656
-864
-700
-405
-218
-858
744
459
-531
-589
-804
-759
-964
-324
-417
-711
682
493
-290
-147
-959
-571
859
628
832
-985
315
-737
-618
745
-762
340
-336
116
841
686
500
-913
-541
316
126
34
823
570
761
-749
-324
-110
10
-850
-585
887
786
-209
819
-50
529
990
-4
-389
-850
-748
-337
152
-993
721
-20
18
824
-468
613
392
330
-89
910
270
-102
-970
-272
-601
-656
211
240
143
45
652
388
715
-335
121
-733
-362
-260
-134
635
-74
390
55
-532
289
740
-57
31
520
457
435
-474
308
-299
-622
-733
184
-741
-510
475
-511
-628
-594
-415
-185
-203
-83
-79
562
-469
-180
214
-532
99
827
-621
807
-232
362
-933
967
849
787
159
-6
-482
507
941
-899
-485
1
467
-7
-535
-714
-130
-480
471
-479
917
-981
-834
-77
-669
333
978
444
450
571
309
-394
789
877
-796
519
-604
-626
-997
-111
352
-529
876
-463
776
-986
84
909
-182
815
-701
782
802
-658
-437
377
385
-430
39
-427
-41
520
946
-143
442
-313
-563
-762
514
245
100
411
-985
889
313
-60
-480
-324
-281
237
-108
-116
-133
-31
122
-820
10
772
-867
-858
314
-100
634
-803
-129
451
-838
-315
-425
2
381
-726
802
-197
-687
-756
735
-745
-212
-783
-227
-227
800
722
865
-753
-205
-809
-926
-282
-744
-958
6
321
-765
28
-76
584
165
714
566
347
771
